Brute Force 2 cores 4 logic processors

Size	1	2	3	4	5	6	7	8	9	
17	112	53	53	43	37	40	37	31	31	
18	90	62	56	53	56	59	50	50	56	
19	215	134	109	103	109	100	106	103	103	
20	437	284	228	224	234	231	231	218	215	
21	931	568	490	465	481	478	493	471	450	
22	1824	1212	991	956	943	1018	1021	974	974	
23	3681	2371	2024	1949	2027	2055	2024	2021	2018	
24	7617	5061	4261	4208	4277	4370	4445	4242	4299	


Dynamic Programming 2 cores 4 logic processors

Size	1	2	3	4	5	6	7	
29	110	61	48	34	37	37	37	
30	137	81	85	70	70	69	69	
31	206	140	149	107	107	107	109	
32	411	233	232	219	218	222	246	
33	723	548	568	446	369	382	394	
34	1435	959	1010	954	866	789	789	
35	2347	1804	1852	1151	1163	1150	1143	
